2
43
18
12
32
38
14
28
30
13
2
6
52
20
45
22
23
19
18
34
10
7
52
22
52
48
7
34
43
22
39
36
43
12
40
16
13
38
12
46
19
52
23
48
17
38
39
45
10
34
4
6
44
40
8
2
32
49
26
29
44
22
6
45
33
3
44
4
49
38
29
30
20
48
4
28
18
30
14
12
3
38
17
49
17
29
16
7
44
12
18
2
17
6
36
42
2
17
34
20
8
44
33
36
28
32
6
26
8
49
28
10
17
40
52
26
7
46
7
19
46
12
22
30
7
28
38
23
40
44
4
7
29
49
46
38
44
23
43
22
4
10
43
52
3
26
12
38
52
4
13
26
7
43
48
44
32
8
18
29
43
36
2
3
34
42
12
45
6
2
32
18
45
3
42
33
32
28
42
36
40
12
52
39
52
16
2
33
49
6
32
22
26
20
52
6
29
44
4
12
30
40
48
6
19
40
49
29
28
46
10
26
38
26
13
46
40
48
49
33
4
46
3
34
46
38
6
48
43
10
19
43
33
12
39
46
49
19
2
3
42
18
38
33
38
4
44
34
12
12
2
48
48
38
16
43
38
52
3
42
28
23
13
8
32
48
26
29
18
48
42
34
16
26
49
20
4
46
32
6
30
16
44
33
39
33
2
7
20
6
2
38
36
42
18
22
52
48
20
46